Topologia: rare_40comp_13AND_26OR
T_max: 250, Step: 2
Metodo: DirectPredictor + Adaptive IS + SMC + Weight Clipping
SMC steps: 20, ESS threshold: 0.5, Clip: 90%
====================================================================================================

t	P_is	P_mc	std_is	std_mc	cv_is	cv_mc	n_top_is	n_top_mc	ess	ess_ratio
2.0	0.000000e+00	0.000000e+00	0.000000e+00	0.000000e+00	inf	inf	0	0	0.00	0.0000
4.0	2.058875e-10	0.000000e+00	5.010637e-11	0.000000e+00	0.3442	inf	2	0	1.76	0.8805
6.0	1.953909e-10	0.000000e+00	7.969230e-11	0.000000e+00	0.7064	inf	3	0	2.00	0.6657
8.0	3.532940e-10	0.000000e+00	1.482335e-10	0.000000e+00	0.9382	inf	5	0	2.63	0.5269
10.0	2.994363e-10	0.000000e+00	9.937805e-11	0.000000e+00	0.8129	inf	6	0	3.57	0.5955
12.0	3.024199e-10	0.000000e+00	8.858454e-11	0.000000e+00	0.6550	inf	5	0	3.13	0.6257
14.0	3.904760e-10	0.000000e+00	9.337212e-11	0.000000e+00	0.7562	inf	10	0	6.11	0.6115
16.0	3.305815e-10	0.000000e+00	1.375283e-10	0.000000e+00	1.0190	inf	6	0	2.91	0.4857
18.0	5.264868e-10	0.000000e+00	1.489581e-10	0.000000e+00	1.0586	inf	14	0	1.58	0.1132
20.0	1.176513e-09	0.000000e+00	2.703927e-10	0.000000e+00	0.8286	inf	13	0	7.38	0.5678
22.0	1.122201e-09	0.000000e+00	3.283991e-10	0.000000e+00	1.0551	inf	13	0	4.69	0.3608
24.0	2.713099e-09	0.000000e+00	1.190652e-09	0.000000e+00	1.5823	inf	13	0	2.94	0.2265
26.0	1.243525e-09	0.000000e+00	2.482688e-10	0.000000e+00	0.8232	inf	17	0	8.72	0.5131
28.0	1.090048e-09	0.000000e+00	2.954997e-10	0.000000e+00	1.1816	inf	19	0	3.21	0.1688
30.0	1.049293e-09	0.000000e+00	2.895548e-10	0.000000e+00	1.0325	inf	14	0	4.40	0.3145
32.0	2.581976e-09	1.000000e-07	6.253589e-10	9.999999e-08	1.1099	1.0000	21	1	6.78	0.3231
34.0	2.165890e-09	0.000000e+00	4.271994e-10	0.000000e+00	1.0249	inf	27	0	3.41	0.1262
36.0	2.807321e-09	0.000000e+00	5.429861e-10	0.000000e+00	1.0235	inf	28	0	6.34	0.2264
38.0	3.472442e-09	0.000000e+00	7.939179e-10	0.000000e+00	1.3134	inf	33	0	6.53	0.1978
40.0	3.496657e-09	0.000000e+00	1.013658e-09	0.000000e+00	1.6653	inf	33	0	4.00	0.1211
42.0	4.697507e-09	0.000000e+00	1.376884e-09	0.000000e+00	1.4359	inf	24	0	1.32	0.0548
44.0	4.593493e-09	0.000000e+00	8.569171e-10	0.000000e+00	1.0387	inf	31	0	8.84	0.2851
46.0	2.681405e-09	1.000000e-07	6.011066e-10	9.999999e-08	1.0751	1.0000	23	1	6.37	0.2771
48.0	3.909334e-09	0.000000e+00	9.615018e-10	0.000000e+00	1.3014	inf	28	0	6.13	0.2189
50.0	5.145646e-09	0.000000e+00	7.262169e-10	0.000000e+00	0.9467	inf	45	0	4.57	0.1015
52.0	5.254627e-09	0.000000e+00	1.223845e-09	0.000000e+00	1.3581	inf	34	0	8.26	0.2429
54.0	6.230201e-09	0.000000e+00	1.011466e-09	0.000000e+00	1.1130	inf	47	0	12.28	0.2613
56.0	1.230392e-08	0.000000e+00	3.860256e-09	0.000000e+00	2.0573	inf	43	0	5.01	0.1166
58.0	4.650001e-09	0.000000e+00	5.916956e-10	0.000000e+00	0.9774	inf	59	0	21.96	0.3721
60.0	4.885508e-09	0.000000e+00	6.778095e-10	0.000000e+00	1.0289	inf	55	0	7.40	0.1346
62.0	6.775277e-09	0.000000e+00	1.095815e-09	0.000000e+00	1.3337	inf	68	0	3.07	0.0451
64.0	4.417826e-09	0.000000e+00	7.030276e-10	0.000000e+00	1.1694	inf	54	0	17.56	0.3251
66.0	6.350687e-09	1.000000e-07	9.936100e-10	9.999999e-08	1.2220	1.0000	61	1	18.67	0.3060
68.0	1.112658e-08	0.000000e+00	1.608617e-09	0.000000e+00	1.1566	inf	64	0	12.63	0.1974
70.0	6.207597e-09	0.000000e+00	9.529394e-10	0.000000e+00	1.0746	inf	49	0	6.64	0.1356
72.0	7.343356e-09	0.000000e+00	1.114464e-09	0.000000e+00	1.2515	inf	68	0	8.88	0.1306
74.0	4.318667e-09	0.000000e+00	5.871400e-10	0.000000e+00	1.1375	inf	70	0	20.53	0.2933
76.0	6.675285e-09	0.000000e+00	1.364159e-09	0.000000e+00	1.4878	inf	53	0	14.53	0.2742
78.0	6.590478e-09	0.000000e+00	9.559460e-10	0.000000e+00	1.0855	inf	56	0	8.09	0.1445
80.0	7.382407e-09	0.000000e+00	1.106832e-09	0.000000e+00	1.0915	inf	53	0	21.40	0.4038
82.0	7.674949e-09	0.000000e+00	1.189275e-09	0.000000e+00	0.9800	inf	40	0	10.06	0.2515
84.0	1.136243e-08	0.000000e+00	2.598113e-09	0.000000e+00	1.4641	inf	41	0	8.86	0.2160
86.0	6.652873e-09	0.000000e+00	1.310203e-09	0.000000e+00	1.1979	inf	37	0	12.72	0.3438
88.0	5.735824e-09	0.000000e+00	9.630465e-10	0.000000e+00	1.0350	inf	38	0	5.67	0.1493
90.0	8.818504e-09	0.000000e+00	1.154127e-09	0.000000e+00	0.9967	inf	58	0	7.15	0.1232
92.0	8.715742e-09	0.000000e+00	1.847391e-09	0.000000e+00	1.2893	inf	37	0	4.51	0.1220
94.0	1.284536e-08	0.000000e+00	2.444623e-09	0.000000e+00	1.2186	inf	41	0	14.11	0.3442
96.0	8.465740e-09	0.000000e+00	1.444827e-09	0.000000e+00	1.0521	inf	38	0	6.67	0.1756
98.0	1.296685e-08	0.000000e+00	3.469324e-09	0.000000e+00	1.5829	inf	35	0	6.39	0.1826
100.0	1.509937e-08	0.000000e+00	2.428171e-09	0.000000e+00	1.1257	inf	49	0	15.54	0.3171
102.0	1.049415e-08	0.000000e+00	1.479431e-09	0.000000e+00	0.9351	inf	44	0	13.40	0.3044
104.0	1.334874e-08	0.000000e+00	2.766192e-09	0.000000e+00	1.2605	inf	37	0	7.40	0.2000
106.0	8.649597e-09	0.000000e+00	1.600254e-09	0.000000e+00	1.2951	inf	49	0	6.80	0.1388
108.0	9.861217e-09	0.000000e+00	1.632810e-09	0.000000e+00	1.0858	inf	43	0	14.90	0.3465
110.0	1.387086e-08	0.000000e+00	2.504346e-09	0.000000e+00	1.1701	inf	42	0	16.56	0.3942
112.0	5.648616e-09	0.000000e+00	1.160438e-09	0.000000e+00	1.3154	inf	41	0	4.62	0.1126
114.0	7.188337e-09	0.000000e+00	1.369083e-09	0.000000e+00	1.0774	inf	32	0	8.01	0.2503
116.0	1.584832e-08	0.000000e+00	2.716215e-09	0.000000e+00	1.1874	inf	48	0	2.91	0.0605
118.0	7.195250e-09	0.000000e+00	1.202720e-09	0.000000e+00	1.1701	inf	49	0	5.33	0.1088
120.0	7.377288e-09	0.000000e+00	1.313237e-09	0.000000e+00	1.1941	inf	45	0	12.77	0.2838
122.0	1.845655e-08	0.000000e+00	4.172175e-09	0.000000e+00	1.5332	inf	46	0	7.20	0.1564
124.0	1.302323e-08	0.000000e+00	2.819906e-09	0.000000e+00	1.3522	inf	39	0	5.07	0.1300
126.0	1.107643e-08	0.000000e+00	2.106371e-09	0.000000e+00	1.2757	inf	45	0	14.80	0.3289
128.0	1.534227e-08	0.000000e+00	2.896316e-09	0.000000e+00	1.2664	inf	45	0	4.80	0.1066
130.0	1.684371e-08	0.000000e+00	2.568483e-09	0.000000e+00	1.0565	inf	48	0	20.14	0.4196
132.0	1.973378e-08	0.000000e+00	4.056416e-09	0.000000e+00	1.4241	inf	48	0	12.46	0.2596
134.0	2.651121e-08	0.000000e+00	5.119827e-09	0.000000e+00	1.2366	inf	41	0	14.28	0.3482
136.0	1.449197e-08	0.000000e+00	3.739951e-09	0.000000e+00	1.4135	inf	30	0	5.71	0.1902
138.0	2.474291e-08	0.000000e+00	3.740536e-09	0.000000e+00	1.0796	inf	51	0	12.90	0.2530
140.0	2.219766e-08	1.000000e-07	4.078256e-09	9.999999e-08	1.0713	1.0000	34	1	7.68	0.2258
142.0	2.924919e-08	0.000000e+00	6.434873e-09	0.000000e+00	1.3562	inf	38	0	7.24	0.1905
144.0	1.202545e-08	0.000000e+00	2.479634e-09	0.000000e+00	1.1104	inf	29	0	8.81	0.3039
146.0	2.022145e-08	2.000000e-07	4.239538e-09	1.414213e-07	1.4220	0.7071	46	2	11.39	0.2476
148.0	2.126034e-08	0.000000e+00	3.767111e-09	0.000000e+00	1.0332	inf	34	0	8.10	0.2382
150.0	1.817853e-08	0.000000e+00	3.356245e-09	0.000000e+00	1.1078	inf	36	0	10.23	0.2843
152.0	2.388609e-08	0.000000e+00	4.652353e-09	0.000000e+00	1.1848	inf	37	0	9.24	0.2498
154.0	1.741228e-08	0.000000e+00	3.450463e-09	0.000000e+00	1.0486	inf	28	0	4.73	0.1689
156.0	2.449186e-08	0.000000e+00	4.029773e-09	0.000000e+00	0.9734	inf	35	0	12.16	0.3474
158.0	2.111631e-08	0.000000e+00	3.883589e-09	0.000000e+00	1.0881	inf	35	0	4.68	0.1336
160.0	2.649049e-08	0.000000e+00	4.854282e-09	0.000000e+00	1.1733	inf	41	0	7.01	0.1711
162.0	2.224841e-08	1.000000e-07	5.341245e-09	9.999999e-08	1.2928	1.0000	29	1	4.60	0.1587
164.0	2.082597e-08	0.000000e+00	5.344371e-09	0.000000e+00	1.3334	inf	27	0	9.25	0.3425
166.0	2.107047e-08	1.000000e-07	4.153916e-09	9.999999e-08	1.1663	1.0000	35	1	9.79	0.2797
168.0	1.967838e-08	0.000000e+00	5.096332e-09	0.000000e+00	1.3704	inf	28	0	8.46	0.3022
170.0	1.246802e-08	0.000000e+00	2.466864e-09	0.000000e+00	1.0837	inf	30	0	7.13	0.2376
172.0	2.452324e-08	1.000000e-07	5.241656e-09	9.999999e-08	1.0899	1.0000	26	1	5.28	0.2031
174.0	1.290837e-08	0.000000e+00	3.700632e-09	0.000000e+00	1.2821	inf	20	0	5.06	0.2529
176.0	2.446367e-08	0.000000e+00	5.232249e-09	0.000000e+00	1.4506	inf	46	0	8.96	0.1949
178.0	2.072650e-08	0.000000e+00	3.857893e-09	0.000000e+00	1.1624	inf	39	0	9.75	0.2500
180.0	4.721770e-08	0.000000e+00	1.057307e-08	0.000000e+00	1.2059	inf	29	0	5.83	0.2011
182.0	2.184855e-08	0.000000e+00	4.947661e-09	0.000000e+00	1.1547	inf	26	0	5.85	0.2249
184.0	1.767471e-08	0.000000e+00	5.215232e-09	0.000000e+00	1.5046	inf	26	0	6.73	0.2590
186.0	1.786088e-08	0.000000e+00	5.320207e-09	0.000000e+00	1.3971	inf	22	0	4.48	0.2038
188.0	2.047325e-08	0.000000e+00	4.736748e-09	0.000000e+00	1.2243	inf	28	0	3.29	0.1174
190.0	1.849336e-08	0.000000e+00	4.444494e-09	0.000000e+00	1.1526	inf	23	0	5.31	0.2309
192.0	4.492871e-08	0.000000e+00	1.121610e-08	0.000000e+00	1.2729	inf	26	0	5.91	0.2272
194.0	6.342775e-08	0.000000e+00	1.881123e-08	0.000000e+00	1.6513	inf	31	0	6.39	0.2062
196.0	1.892877e-08	2.000000e-07	5.601991e-09	1.414213e-07	1.5937	0.7071	29	2	4.17	0.1439
198.0	1.087785e-08	0.000000e+00	2.588077e-09	0.000000e+00	1.2132	inf	26	0	4.18	0.1609
200.0	3.283116e-08	0.000000e+00	8.121696e-09	0.000000e+00	1.3322	inf	29	0	9.90	0.3413
202.0	4.826667e-08	1.000000e-07	1.238462e-08	9.999999e-08	1.1184	1.0000	19	1	3.70	0.1946
204.0	1.867202e-08	0.000000e+00	6.322024e-09	0.000000e+00	1.5516	inf	21	0	4.54	0.2164
206.0	4.626340e-08	1.000000e-07	1.352236e-08	9.999999e-08	1.3710	1.0000	22	1	6.33	0.2878
208.0	5.216051e-08	0.000000e+00	1.355299e-08	0.000000e+00	1.2461	inf	23	0	7.47	0.3250
210.0	4.286048e-08	1.000000e-07	2.545113e-08	9.999999e-08	2.0570	1.0000	12	1	2.26	0.1883
212.0	5.090237e-08	3.000000e-07	1.285531e-08	1.732051e-07	1.1008	0.5774	19	3	7.71	0.4060
214.0	4.936106e-08	0.000000e+00	1.333627e-08	0.000000e+00	0.9741	inf	13	0	5.05	0.3883
216.0	3.796469e-08	0.000000e+00	1.528949e-08	0.000000e+00	1.7086	inf	18	0	3.72	0.2068
218.0	3.186738e-08	0.000000e+00	1.357548e-08	0.000000e+00	1.6499	inf	15	0	2.17	0.1447
220.0	7.340446e-08	0.000000e+00	2.149521e-08	0.000000e+00	1.1341	inf	15	0	6.02	0.4016
222.0	4.389095e-08	0.000000e+00	1.553100e-08	0.000000e+00	1.5825	inf	20	0	3.99	0.1996
224.0	6.738611e-08	1.000000e-07	1.759797e-08	9.999999e-08	1.1679	1.0000	20	1	7.35	0.3676
226.0	5.790342e-08	1.000000e-07	1.831657e-08	9.999999e-08	1.0958	1.0000	12	1	5.39	0.4489
228.0	3.679063e-08	0.000000e+00	1.267085e-08	0.000000e+00	1.3776	inf	16	0	3.96	0.2473
230.0	4.843610e-08	1.000000e-07	1.859915e-08	9.999999e-08	1.4872	1.0000	15	1	3.01	0.2009
232.0	1.312308e-08	0.000000e+00	5.132923e-09	0.000000e+00	1.4635	inf	14	0	2.26	0.1612
234.0	4.811644e-08	0.000000e+00	1.312338e-08	0.000000e+00	0.9834	inf	13	0	5.38	0.4137
236.0	4.471237e-08	1.000000e-07	1.959514e-08	9.999999e-08	1.4535	1.0000	11	1	3.40	0.3091
238.0	2.961892e-08	1.000000e-07	6.659760e-09	9.999999e-08	0.6745	1.0000	9	1	5.41	0.6006
240.0	3.404837e-08	1.000000e-07	1.441168e-08	9.999999e-08	1.1972	1.0000	8	1	2.97	0.3708
242.0	1.351057e-07	0.000000e+00	4.757208e-08	0.000000e+00	1.0563	inf	9	0	3.54	0.3932
244.0	6.312879e-08	0.000000e+00	1.794397e-08	0.000000e+00	1.1370	inf	16	0	4.60	0.2877
246.0	3.850262e-08	0.000000e+00	1.702389e-08	0.000000e+00	1.2506	inf	8	0	3.03	0.3784
248.0	1.147091e-08	2.000000e-07	3.888398e-09	1.414213e-07	1.0169	0.7071	9	2	3.23	0.3590
250.0	3.019003e-08	0.000000e+00	1.216306e-08	0.000000e+00	1.3362	inf	11	0	2.30	0.2090
